ICNTL(7) = 0 : 5047949812.000000	 9646383159488.000000
ICNTL(7) = 2 : 3669211568.000000	 4523952287564.000000
ICNTL(7) = 6 : 5047949812.000000	 9646383159488.000000
ICNTL(7) = 7 : 2147378140.000000	 1999020770264.000000
